cuboctahedron
vertex coordinates
13
 0.000000, 1.000000,1.000000
 1.000000, 0.000000,1.000000
 0.000000,-1.000000,1.000000
 1.000000, 1.000000,0.000000
-1.000000, 1.000000,0.000000
 0.000000,-1.000000,-1.000000
-1.000000,-0.500000,-0.500000
-1.000000, 0.000000,-1.000000
-1.000000,-1.000000,0.000000
 1.000000, 0.000000,-1.000000
-1.000000, 0.000000,1.000000
 1.000000,-1.000000,0.000000
 0.000000, 1.000000,-1.000000
vertices,per,face
14
3,2,4,1
4,1,11,3,2
3,11,1,5
4,5,8,9,11
3,5,13,8
4,4,13,5,1
3,11,9,3
3,8,6,9
4,10,4,2,12
3,10,13,4
3,12,2,3
4,6,12,3,9
4,13,10,6,8
3,10,12,6
