dodecahedron
vertex coordinates
20 
1.214124,0.000000,1.589309
0.375185,1.154701,1.589309
-0.982247,0.713644,1.589309
-0.982247,-0.713644,1.589309
0.375185,-1.154701,1.589309
1.964494,0.000000,0.375185
0.607062,1.868345,0.375185
-1.589309,1.154701,0.375185
-1.589309,-1.154701,0.375185
0.607062,-1.868345,0.375185
1.589309,1.154701,-0.375185
-0.607062,1.868345,-0.375185
-1.964494,0.000000,-0.375185
-0.607062,-1.868345,-0.375185
1.589309,-1.154701,-0.375185
0.982247,0.713644,-1.589309
-0.375185,1.154701,-1.589309
-1.214124,0.000000,-1.589309
-0.375185,-1.154701,-1.589309
0.982247,-0.713644,-1.589309
vertices,per,face
12
5,1,2,3,4,5
5,1,6,11,7,2
5,2,7,12,8,3
5,3,8,13,9,4
5,4,9,14,10,5
5,5,10,15,6,1
5,16,11,6,15,20
5,17,12,7,11,16
5,18,13,8,12,17
5,19,14,9,13,18
5,20,15,10,14,19
5,20,19,18,17,16
