icosahedron
vertex coordinates
12 
0.0,0.0,2.0
1.788854,0.000000,0.894427
0.552786,1.701302,0.894427
-1.447214,1.051462,0.894427
-1.447214,-1.051462,0.894427
0.552786,-1.701302,0.894427
1.447214,1.051462,-0.894427
-0.552786,1.701302,-0.894427
-1.788854,0.000000,-0.894427
-0.552786,-1.701302,-0.894427
1.447214,-1.051462,-0.894427
0.0,0.0,-2.0
vertices per face
20
3,3,1,2
3,4,1,3
3,5,1,4
3,6,1,5
3,2,1,6
3,3,2,7
3,8,3,7
3,4,3,8
3,9,4,8
3,5,4,9
3,10,5,9
3,6,5,10
3,11,6,10
3,7,2,11
3,2,6,11
3,7,12,8
3,8,12,9
3,9,12,10
3,10,12,11
3,11,12,7
