icosidodecahedron
vertex coordinates
30
0., -1.61803, 0.
0., 1.61803, 0.
0.262866, -0.809017, -1.37638
0.262866, 0.809017, -1.37638
0.425325, -1.30902, 0.850651
0.425325, 1.30902, 0.850651
0.688191, -0.5, 1.37638
0.688191, 0.5, 1.37638
1.11352, -0.809017, -0.850651
1.11352, 0.809017, -0.850651
-1.37638, 0., -0.850651
-0.688191, -0.5, -1.37638
-0.688191, 0.5, -1.37638
1.37638, 0., 0.850651
0.951057, -1.30902, 0.
0.951057, 1.30902, 0.
0.850651, 0., -1.37638
-0.951057, -1.30902, 0.
-0.951057, 1.30902, 0.
-1.53884, -0.5, 0.
-1.53884, 0.5, 0.
1.53884, -0.5, 0.
1.53884, 0.5, 0.
-0.850651, 0., 1.37638
-1.11352, -0.809017, 0.850651
-1.11352, 0.809017, 0.850651
-0.425325, -1.30902, -0.850651
-0.425325, 1.30902, -0.850651
-0.262866, -0.809017, 1.37638
-0.262866, 0.809017, 1.376
vertices per face
32
5, 30, 24, 29, 7, 8 
3, 26, 24, 30 
3, 25, 29, 24 
3, 5, 7, 29 
3, 14, 8, 7 
3, 6, 30, 8 
3, 16, 2, 6 
3, 19, 21, 26 
3, 20, 18, 25 
3, 1, 15, 5 
3, 22, 23, 14 
5, 2, 19, 26, 30, 6 
5, 21, 20, 25, 24, 26 
5, 18, 1, 5, 29, 25 
5, 15, 22, 14, 7, 5 
5, 23, 16, 6, 8, 14 
5, 12, 13, 4, 17, 3 
3, 3, 17, 9 
3, 17, 4, 10 
3, 4, 13, 28 
3, 13, 12, 11 
3, 12, 3, 27 
3, 27, 1, 18 
3, 9, 22, 15 
3, 10, 16, 23 
3, 28, 19, 2 
3, 11, 20, 21 
5, 27, 3, 9, 15, 1 
5, 9, 17, 10, 23, 22 
5, 10, 4, 28, 2, 16 
5, 28, 13, 11, 21, 19 
5, 11, 12, 27, 18, 20
