rhombicuboctahedron
vertex coordinates
      25
     0.357407,     0.357407,     0.862856
    -0.357407,     0.357407,     0.862856
    -0.357407,     0.862856,     0.357407
     0.357407,    -0.357407,     0.862856
     0.862856,     0.357407,     0.357407
     0.357407,     0.862856,     0.357407
    -0.357407,     0.357407,    -0.862856
    -0.862856,     0.357407,     0.357407
    -0.357407,     0.862856,    -0.357407
    -0.357407,    -0.357407,    -0.862856
    -0.862856,     0.357407,    -0.357407
     0.357407,     0.862856,    -0.357407
    -0.357407,    -0.357407,     0.862856
    -0.862856,    -0.357407,    -0.357407
    -0.357407,    -0.862856,     0.357407
     0.862856,     0.357407,    -0.357407
     0.862856,      0.00000,    -0.357407
    -0.862856,    -0.357407,     0.357407
     0.357407,    -0.862856,     0.357407
     0.357407,    -0.357407,    -0.862856
     0.862856,    -0.357407,     0.357407
     0.357407,    -0.862856,    -0.357407
     0.357407,     0.357407,    -0.862856
     0.862856,    -0.357407,    -0.357407
    -0.357407,    -0.862856,    -0.357407
vertices per face
      26
 4,  1,  2, 13,  4
 4,  5, 16, 12,  6
 3,  1,  5,  6
 4, 12,  9,  3,  6
 4,  3,  2,  1,  6
 4,  3,  9, 11,  8
 3,  2,  3,  8
 3,  7, 11,  9
 4,  7, 10, 14, 11
 4, 23,  7,  9, 12
 4, 15, 19,  4, 13
 4,  2,  8, 18, 13
 3, 13, 18, 15
 4,  5, 21, 24, 16
 4,  8, 11, 14, 18
 3,  4, 19, 21
 4,  5,  1,  4, 21
 4, 19, 15, 25, 22
 4, 20, 10,  7, 23
 3, 12, 16, 23
 4, 20, 23, 16, 24
 3, 22, 20, 24
 4, 21, 19, 22, 24
 4, 10, 20, 22, 25
 3, 14, 10, 25
 4, 15, 18, 14, 25
