rhombitruncated_cubeoctahedron
vertex coordinates
52
     0.215739,     0.520841,     0.825943
     0.215739,     0.673392,     0.673392
     0.368290,     0.368290,     0.825943
     0.520841,     0.215739,     0.825943
    -0.520841,     0.215739,     0.825943
    -0.215739,     0.520841,     0.825943
    -0.368290,     0.825943,     0.368290
    -0.215739,     0.825943,     0.520841
    -0.520841,     0.825943,     0.215739
     0.520841,    -0.215739,     0.825943
     0.215739,    -0.520841,     0.825943
     0.825943,     0.215739,     0.520841
     0.825943,     0.520841,     0.215739
     0.520841,     0.825943,     0.215739
     0.215739,     0.825943,     0.520841
    -0.215739,     0.520841,    -0.825943
    -0.520841,     0.215739,    -0.825943
    -0.825943,     0.520841,     0.215739
    -0.825943,     0.215739,     0.520841
    -0.520841,     0.825943,    -0.215739
    -0.215739,     0.825943,    -0.520841
    -0.520841,    -0.215739,    -0.825943
    -0.215739,    -0.520841,    -0.825943
    -0.825943,     0.215739,    -0.520841
    -0.825943,     0.520841,    -0.215739
     0.215739,     0.825943,    -0.520841
     0.520841,     0.825943,    -0.215739
    -0.215739,    -0.520841,     0.825943
    -0.520841,    -0.215739,     0.825943
    -0.825943,    -0.520841,    -0.215739
    -0.825943,    -0.215739,    -0.520841
    -0.520841,    -0.825943,     0.215739
    -0.215739,    -0.825943,     0.520841
     0.825943,     0.520841,    -0.215739
     0.825943,     0.215739,    -0.520841
    -0.825943,    -0.215739,     0.520841
    -0.825943,    -0.520841,     0.215739
     0.215739,    -0.825943,     0.520841
     0.520841,    -0.825943,     0.215739
     0.215739,    -0.520841,    -0.825943
     0.520841,    -0.215739,    -0.825943
     0.825943,    -0.520841,     0.215739
     0.825943,    -0.215739,     0.520841
     0.520841,    -0.825943,    -0.215739
     0.215739,    -0.825943,    -0.520841
     0.520841,     0.215739,    -0.825943
     0.520841,      0.00000,    -0.825943
     0.215739,     0.520841,    -0.825943
     0.825943,    -0.215739,    -0.520841
     0.825943,    -0.520841,    -0.215739
    -0.215739,    -0.825943,    -0.520841
    -0.520841,    -0.825943,    -0.215739
vertices per face
26
 4,  1, 15,  8,  6
 4,  4, 10, 43, 12
 4,  9, 20, 25, 18
 6,  5,  6,  8,  9, 18, 19
 6, 16, 17, 24, 25, 20, 21
 6, 34, 35, 46, 48, 26, 27
 6, 22, 23, 51, 52, 30, 31
 4, 24, 17, 22, 31
 6, 28, 29, 36, 37, 32, 33
 4, 27, 14, 13, 34
 8, 34, 13, 12, 43, 42, 50, 49, 35
 4, 29,  5, 19, 36
 8, 36, 19, 18, 25, 24, 31, 30, 37
 4, 30, 52, 32, 37
 4, 11, 28, 33, 38
 6, 43, 10, 11, 38, 39, 42
 6, 40, 41, 49, 50, 44, 45
 4, 16, 21, 26, 48
 4, 41, 46, 35, 49
 4, 42, 39, 44, 50
 8, 45, 44, 39, 38, 33, 32, 52, 51
 4, 23, 40, 45, 51
 8, 14, 27, 26, 21, 20,  9,  8, 15
 6,  1,  4, 12, 13, 14, 15
 8, 28, 11, 10,  4,  1,  6,  5, 29
 8, 46, 41, 40, 23, 22, 17, 16, 48
