rhombicosidodecahedron
vertex coordinates
      67
     0.223919,     0.308198,     0.924594
    -0.223919,     0.308198,     0.924594
    -0.223919,     0.689152,     0.689152
      0.00000,    -0.380954,     0.924594
     0.293114,    0.0952384,     0.924594
     0.362309,    -0.117721,     0.924594
    -0.362309,    -0.117721,     0.924594
     0.223919,     0.689152,     0.689152
     0.362309,     0.879629,     0.308198
      0.00000,     0.997350,    0.0727557
    -0.362309,     0.879629,     0.308198
    -0.724617,      0.00000,     0.689152
    -0.586228,     0.425919,     0.689152
    -0.724617,     0.616396,     0.308198
    -0.948536,     0.308198,    0.0727557
    -0.948536,   -0.0727557,     0.308198
    -0.111959,    -0.535053,     0.806873
    -0.223919,    -0.689152,     0.689152
    -0.586228,    -0.425919,     0.689152
    -0.810147,    -0.498675,     0.308198
    -0.586228,    -0.806873,    0.0727557
    -0.223919,    -0.924594,     0.308198
    -0.111959,    -0.960972,     0.117721
     0.586228,    -0.425919,     0.689152
     0.223919,    -0.689152,     0.689152
     0.223919,    -0.924594,     0.308198
     0.586228,    -0.806873,    0.0727557
     0.810147,    -0.498675,     0.308198
     0.586228,     0.425919,     0.689152
     0.724617,      0.00000,     0.689152
     0.948536,   -0.0727557,     0.308198
     0.948536,     0.308198,    0.0727557
     0.724617,     0.616396,     0.308198
      0.00000,    -0.308198,    -0.924594
     0.223919,    -0.308198,    -0.924594
     0.362309,     0.117721,    -0.924594
      0.00000,     0.380954,    -0.924594
    -0.362309,     0.117721,    -0.924594
    -0.223919,    -0.308198,    -0.924594
    -0.223919,    -0.689152,    -0.689152
    -0.293114,    -0.784390,    -0.498675
    -0.405073,    -0.557535,    -0.689152
    -0.362309,    -0.879629,    -0.308198
      0.00000,    -0.997350,   -0.0727557
     0.362309,    -0.879629,    -0.308198
     0.223919,    -0.689152,    -0.689152
     0.223919,    -0.498675,    -0.806873
     0.586228,    -0.425919,    -0.689152
     0.724617,    -0.616396,    -0.308198
     0.948536,    -0.308198,   -0.0727557
     0.948536,    0.0727557,    -0.308198
     0.724617,      0.00000,    -0.689152
     0.586228,     0.425919,    -0.689152
     0.810147,     0.498675,    -0.308198
     0.586228,     0.806873,   -0.0727557
     0.223919,     0.924594,    -0.308198
     0.223919,     0.689152,    -0.689152
    -0.223919,     0.689152,    -0.689152
    -0.223919,     0.924594,    -0.308198
    -0.586228,     0.806873,   -0.0727557
    -0.810147,     0.498675,    -0.308198
    -0.586228,     0.425919,    -0.689152
    -0.724617,      0.00000,    -0.689152
    -0.948536,    0.0727557,    -0.308198
    -0.948536,    -0.308198,   -0.0727557
    -0.724617,    -0.616396,    -0.308198
    -0.586228,    -0.425919,    -0.689152
vertices per face
      62
 4, 30, 29,  1,  6
 4,  4, 25, 24,  6
 4,  2, 13, 12,  7
 4,  3,  2,  1,  8
 3, 19,  7, 12
 3,  2,  3, 13
 4, 13,  3, 11, 14
 3, 61, 64, 15
 4, 20, 19, 12, 16
 4, 18,  4,  7, 19
 4, 20, 65, 66, 21
 3, 44, 26, 22
 4, 21, 43, 44, 22
 3,  4, 18, 25
 4, 25, 18, 22, 26
 4, 26, 44, 45, 27
 3,  8,  1, 29
 3,  6, 24, 30
 3, 28, 50, 31
 4, 30, 24, 28, 31
 4,  9,  8, 29, 33
 3, 55,  9, 33
 4, 52, 48, 35, 36
 4, 57, 53, 36, 37
 4, 62, 58, 37, 38
 4, 35, 46, 40, 39
 3, 67, 39, 40
 3, 21, 66, 43
 3, 46, 35, 48
 4, 45, 46, 48, 49
 3, 27, 45, 49
 4, 50, 28, 27, 49
 4, 32, 31, 50, 51
 4, 53, 54, 51, 52
 3, 52, 36, 53
 3, 32, 51, 54
 4, 55, 33, 32, 54
 4, 10,  9, 55, 56
 3, 57, 37, 58
 4, 56, 57, 58, 59
 3, 10, 56, 59
 4, 60, 11, 10, 59
 3, 14, 11, 60
 4, 61, 15, 14, 60
 4, 63, 64, 61, 62
 4, 38, 39, 67, 63
 3, 62, 38, 63
 4, 65, 16, 15, 64
 3, 20, 16, 65
 4, 40, 43, 66, 67
 5, 10, 11,  3,  8,  9
 5, 14, 15, 16, 12, 13
 5, 18, 19, 20, 21, 22
 5, 27, 28, 24, 25, 26
 5, 33, 29, 30, 31, 32
 5, 49, 48, 52, 51, 50
 5, 54, 53, 57, 56, 55
 5, 61, 60, 59, 58, 62
 5, 66, 65, 64, 63, 67
 5,  2,  7,  4,  6,  1
 5, 38, 37, 36, 35, 39
 5, 45, 44, 43, 40, 46
