rhombitruncated_icosidodecahedron
vertex coordinates
     120
-1.,-1.30902,-3.42705
-1.,-1.30902,3.42705
-1.,1.30902,-3.42705
-1.,1.30902,3.42705
-0.5,-0.5,-3.73607
-0.5,-0.5,3.73607
-0.5,0.5,-3.73607
-0.5,0.5,3.73607
-0.5,-3.73607,-0.5
-0.5,-3.73607,0.5
-0.5,-2.11803,-3.11803
-0.5,-2.11803,3.11803
-0.5,3.73607,-0.5
-0.5,3.73607,0.5
-0.5,2.11803,-3.11803
-0.5,2.11803,3.11803
0.5,-0.5,-3.73607
0.5,-0.5,3.73607
0.5,0.5,-3.73607
0.5,0.5,3.73607
0.5,-3.73607,-0.5
0.5,-3.73607,0.5
0.5,-2.11803,-3.11803
0.5,-2.11803,3.11803
0.5,3.73607,-0.5
0.5,3.73607,0.5
0.5,2.11803,-3.11803
0.5,2.11803,3.11803
1.,-1.30902,-3.42705
1.,-1.30902,3.42705
1.,1.30902,-3.42705
1.,1.30902,3.42705
-3.42705,-1.,-1.30902
-3.42705,-1.,1.30902
-3.42705,1.,-1.30902
-3.42705,1.,1.30902
-2.92705,-1.80902,-1.61803
-2.92705,-1.80902,1.61803
-2.92705,1.80902,-1.61803
-2.92705,1.80902,1.61803
-1.80902,-1.61803,-2.92705
-1.80902,-1.61803,2.92705
-1.80902,1.61803,-2.92705
-1.80902,1.61803,2.92705
-1.30902,-3.42705,-1.
-1.30902,-3.42705,1.
-1.30902,-2.42705,-2.61803
-1.30902,-2.42705,2.61803
-1.30902,2.42705,-2.61803
-1.30902,2.42705,2.61803
-1.30902,3.42705,-1.
-1.30902,3.42705,1.
-2.61803,-1.30902,-2.42705
-2.61803,-1.30902,2.42705
-2.61803,1.30902,-2.42705
-2.61803,1.30902,2.42705
-3.73607,-0.5,-0.5
-3.73607,-0.5,0.5
-3.73607,0.5,-0.5
-3.73607,0.5,0.5
-1.61803,-2.92705,-1.80902
-1.61803,-2.92705,1.80902
-1.61803,2.92705,-1.80902
-1.61803,2.92705,1.80902
-3.11803,-0.5,-2.11803
-3.11803,-0.5,2.11803
-3.11803,0.5,-2.11803
-3.11803,0.5,2.11803
-2.11803,-3.11803,-0.5
-2.11803,-3.11803,0.5
-2.11803,3.11803,-0.5
-2.11803,3.11803,0.5
-2.42705,-2.61803,-1.30902
-2.42705,-2.61803,1.30902
-2.42705,2.61803,-1.30902
-2.42705,2.61803,1.30902
1.61803,-2.92705,-1.80902
1.61803,-2.92705,1.80902
1.61803,2.92705,-1.80902
1.61803,2.92705,1.80902
2.42705,-2.61803,-1.30902
2.42705,-2.61803,1.30902
2.42705,2.61803,-1.30902
2.42705,2.61803,1.30902
3.73607,-0.5,-0.5
3.73607,-0.5,0.5
3.73607,0.5,-0.5
3.73607,0.5,0.5
2.11803,-3.11803,-0.5
2.11803,-3.11803,0.5
2.11803,3.11803,-0.5
2.11803,3.11803,0.5
1.30902,-3.42705,-1.
1.30902,-3.42705,1.
1.30902,-2.42705,-2.61803
1.30902,-2.42705,2.61803
1.30902,2.42705,-2.61803
1.30902,2.42705,2.61803
1.30902,3.42705,-1.
1.30902,3.42705,1.
2.61803,-1.30902,-2.42705
2.61803,-1.30902,2.42705
2.61803,1.30902,-2.42705
2.61803,1.30902,2.42705
3.11803,-0.5,-2.11803
3.11803,-0.5,2.11803
3.11803,0.5,-2.11803
3.11803,0.5,2.11803
1.80902,-1.61803,-2.92705
1.80902,-1.61803,2.92705
1.80902,1.61803,-2.92705
1.80902,1.61803,2.92705
2.92705,-1.80902,-1.61803
2.92705,-1.80902,1.61803
2.92705,1.80902,-1.61803
2.92705,1.80902,1.61803
3.42705,-1.,-1.30902
3.42705,-1.,1.30902
3.42705,1.,-1.30902
3.42705,1.,1.30902
vertices per face
      62
10,2,6,8,4,44,56,68,66,54,42
10,109,29,17,19,31,111,103,107,105,101
6,24,30,18,6,2,12
6,7,3,15,27,31,19
10,58,57,33,37,73,69,70,74,38,34
10,84,116,120,88,87,119,115,83,91,92
10,90,89,81,113,117,85,86,118,114,82
10,36,40,76,72,71,75,39,35,59,60
6,5,17,29,23,11,1
6,4,8,20,32,28,16
10,67,55,43,3,7,5,1,41,53,65
10,18,30,110,102,106,108,104,112,32,20
6,79,83,115,103,111,97
6,38,74,62,48,42,54
4,4,16,50,44
4,23,29,109,95
4,96,110,30,24
4,43,49,15,3
6,53,41,47,61,73,37
6,98,112,104,116,84,80
6,69,45,9,10,46,70
6,26,100,92,91,99,25
6,82,114,102,110,96,78
6,55,39,75,63,49,43
4,1,11,47,41
4,28,32,112,98
10,61,47,11,23,95,77,93,21,9,45
10,50,16,28,98,80,100,26,14,52,64
4,97,111,31,27
4,42,48,12,2
6,44,50,64,76,40,56
6,77,95,109,101,113,81
10,63,51,13,25,99,79,97,27,15,49
10,46,10,22,94,78,96,24,12,48,62
6,52,14,13,51,71,72
6,22,21,93,89,90,94
4,115,119,107,103
4,34,38,54,66
4,71,51,63,75
4,94,90,82,78
4,114,118,106,102
4,35,39,55,67
4,70,46,62,74
4,99,91,83,79
4,65,53,37,33
4,104,108,120,116
4,77,81,89,93
4,76,64,52,72
6,59,35,67,65,33,57
6,106,118,86,88,120,108
4,68,56,40,36
4,101,105,117,113
4,80,84,92,100
4,73,61,45,69
6,34,66,68,36,60,58
6,105,107,119,87,85,117
4,7,19,17,5
4,6,18,20,8
4,14,26,25,13
4,9,21,22,10
4,58,60,59,57
4,85,87,88,86
