snub_dodecahedron
vertex coordinates
      60
     0.544149,    -0.494938,     0.795558
    -0.194436,    -0.976275,     0.427849
    -0.302562,    -0.670461,     0.795558
     0.839268,   -0.0682530,     0.681868
    -0.868409,    -0.600296,     0.243894
    -0.108126,     -1.07458,   -0.0869010
    -0.416538,    -0.904110,    -0.427849
     0.868409,     0.486606,    -0.427849
     0.302562,      1.01141,    -0.243894
     0.324260,    -0.777100,    -0.681868
    -0.324260,     0.262351,      1.00000
     0.638865,     0.364572,     0.795558
    -0.719100,    -0.438092,     0.681868
     0.416538,   -0.0216510,      1.00000
     0.194436,    -0.819283,     0.681868
     0.108126,    -0.402842,      1.00000
    -0.349712,    -0.227319,      1.00000
     0.349712,    -0.996087,    -0.243894
    -0.544148,    -0.932911,    0.0869010
    -0.868409,     0.600296,    -0.243894
     0.149309,    -0.389460,     -1.00000
     0.638865,    -0.364572,    -0.795558
     0.544149,     0.494938,    -0.795558
    -0.302562,     0.670461,    -0.795558
     0.839268,    0.0682530,    -0.681868
     0.194436,     0.819283,    -0.681868
     0.108126,     0.402842,     -1.00000
    -0.719100,     0.438092,    -0.681868
    -0.149309,    -0.719100,    -0.795558
     0.416538,    0.0216510,     -1.00000
    -0.839268,    -0.638865,    -0.243894
    -0.988577,     0.116766,    -0.427849
     -1.05540,     0.229230,    0.0869010
    -0.544148,     0.932911,   -0.0869010
    -0.839268,     0.638865,     0.243894
    -0.149309,     0.720255,     0.795558
     0.149309,     0.389460,      1.00000
    -0.638865,     0.548527,     0.681868
    -0.731143,    0.0805690,     0.795558
     0.731142,     0.675536,     0.427849
    -0.108126,      1.07458,    0.0869010
     0.720255,     0.805802,   -0.0869010
     0.988577,    -0.434898,   -0.0869010
    -0.988577,    -0.116766,     0.427849
     -1.05540,    -0.227319,   -0.0869010
     0.988577,     0.434898,    0.0869010
      1.05540,   -0.0247890,     0.243894
     0.720255,    -0.805802,    0.0869010
     0.324260,     0.777100,     0.681868
     0.868409,    -0.486606,     0.427849
     0.302562,     -1.01141,     0.243894
    -0.416538,     0.904110,     0.427849
    -0.349712,     0.229230,     -1.00000
    -0.324260,    -0.262351,     -1.00000
    -0.731143,   -0.0805690,    -0.795558
    -0.638865,    -0.548527,    -0.681868
    -0.194436,     0.976275,    -0.427849
     0.731142,    -0.675536,    -0.427849
     0.349712,     0.996087,     0.243894
      1.05540,    0.0247890,    -0.243894
vertices per face
      92
 5, 17, 16, 14, 37, 11
 5, 19,  2,  3, 13,  5
 5, 52, 36, 49, 59, 41
 5, 40, 12,  4, 47, 46
 5, 48, 50,  1, 15, 51
 5, 44, 39, 38, 35, 33
 5, 27, 30, 21, 54, 53
 5, 34, 57, 24, 28, 20
 5, 10, 18,  6,  7, 29
 5, 60, 43, 58, 22, 25
 5, 23, 26,  9, 42,  8
 5, 32, 55, 56, 31, 45
 3, 11, 36, 38
 3, 37, 12, 49
 3, 14,  1,  4
 3, 16,  3, 15
 3, 17, 39, 13
 3, 52, 34, 35
 3, 40, 42, 59
 3, 50, 43, 47
 3,  2,  6, 51
 3, 44, 45,  5
 3, 41,  9, 57
 3, 46, 60,  8
 3, 48, 18, 58
 3, 19, 31,  7
 3, 33, 20, 32
 3, 54, 29, 56
 3, 21, 22, 10
 3, 30, 23, 25
 3, 27, 24, 26
 3, 53, 55, 28
 3, 11, 37, 36
 3, 37, 14, 12
 3, 14, 16,  1
 3, 16, 17,  3
 3, 17, 11, 39
 3, 49, 36, 37
 3,  4, 12, 14
 3, 15,  1, 16
 3, 13,  3, 17
 3, 38, 39, 11
 3, 36, 52, 38
 3, 12, 40, 49
 3,  1, 50,  4
 3,  3,  2, 15
 3, 39, 44, 13
 3, 52, 41, 34
 3, 40, 46, 42
 3, 50, 48, 43
 3,  2, 19,  6
 3, 44, 33, 45
 3, 41, 59,  9
 3, 46, 47, 60
 3, 48, 51, 18
 3, 19,  5, 31
 3, 33, 35, 20
 3, 59, 49, 40
 3, 47,  4, 50
 3, 51, 15,  2
 3,  5, 13, 44
 3, 35, 38, 52
 3, 54, 21, 29
 3, 21, 30, 22
 3, 30, 27, 23
 3, 27, 53, 24
 3, 53, 54, 55
 3, 10, 29, 21
 3, 25, 22, 30
 3, 26, 23, 27
 3, 28, 24, 53
 3, 56, 55, 54
 3, 29,  7, 56
 3, 22, 58, 10
 3, 23,  8, 25
 3, 24, 57, 26
 3, 55, 32, 28
 3,  7,  6, 19
 3, 58, 43, 48
 3,  8, 42, 46
 3, 57, 34, 41
 3, 32, 45, 33
 3,  6, 18, 51
 3, 43, 60, 47
 3, 42,  9, 59
 3, 34, 20, 35
 3, 45, 31,  5
 3, 18, 10, 58
 3, 60, 25,  8
 3,  9, 26, 57
 3, 20, 28, 32
 3, 31, 56,  7
