snub_cube
vertex coordintates
24 
0.295598,-1.0,-0.543689
1.0,-0.295598,0.543689
1.0,-0.543689,-0.295598
0.295598,-0.543689,1.0
0.543689,0.295598,1.0
0.543689,-1.0,0.295598
0.295598,1.0,0.543689
-0.295598,1.0,-0.543689
-1.0,0.543689,-0.295598
-1.0,-0.295598,-0.543689
-0.543689,0.295598,-1.0
-0.543689,-1.0,-0.295598
-0.295598,-0.543689,-1.0
0.543689,-0.295598,-1.0
-0.295598,-1.0,0.543689
1.0,0.543689,0.295598
-0.543689,-0.295598,1.0
-1.0,-0.543689,0.295598
-1.0,0.295598,0.543689
-0.543689,1.0,0.295598
-0.295598,0.543689,1.0
0.295598,0.543689,-1.0
0.543689,1.0,-0.295598
1.0,0.295598,-0.543689
vertices per face 
38
4,5,21,17,4
4,6,15,12,1
4,16,2,3,24
3,15,4,17
3,15,6,4
3,4,6,2
3,4,2,5
3,5,2,16
3,6,3,2
3,6,1,3
4,11,22,14,13
4,20,7,23,8
4,18,19,9,10
3,8,23,22
3,8,22,11
3,9,8,11
3,9,11,10
3,10,11,13
3,14,1,13
3,13,1,12
3,24,3,14
3,22,24,14
3,14,3,1
3,12,15,18
3,21,7,20
3,7,21,5
3,23,16,24
3,7,16,23
3,7,5,16
3,15,17,18
3,19,18,17
3,19,17,21
3,13,12,10
3,9,20,8
3,19,20,9
3,21,20,19
3,12,18,10
3,22,23,24
