truncated_icosahedron
vertex coordinates
      60
-0.16246,-2.11803,1.27598
-0.16246,2.11803,1.27598
0.16246,-2.11803,-1.27598
0.16246,2.11803,-1.27598
-0.262866,-0.809017,-2.32744
-0.262866,-2.42705,-0.425325
-0.262866,0.809017,-2.32744
-0.262866,2.42705,-0.425325
0.262866,-0.809017,2.32744
0.262866,-2.42705,0.425325
0.262866,0.809017,2.32744
0.262866,2.42705,0.425325
0.688191,-0.5,-2.32744
0.688191,0.5,-2.32744
1.21392,-2.11803,0.425325
1.21392,2.11803,0.425325
-2.06457,-0.5,1.27598
-2.06457,0.5,1.27598
-1.37638,-1.,1.80171
-1.37638,1.,1.80171
-1.37638,-1.61803,-1.27598
-1.37638,1.61803,-1.27598
-0.688191,-0.5,2.32744
-0.688191,0.5,2.32744
1.37638,-1.,-1.80171
1.37638,1.,-1.80171
1.37638,-1.61803,1.27598
1.37638,1.61803,1.27598
-1.7013,0.,-1.80171
1.7013,0.,1.80171
-1.21392,-2.11803,-0.425325
-1.21392,2.11803,-0.425325
-1.96417,-0.809017,-1.27598
-1.96417,0.809017,-1.27598
2.06457,-0.5,-1.27598
2.06457,0.5,-1.27598
2.22703,-1.,-0.425325
2.22703,1.,-0.425325
2.38949,-0.5,0.425325
2.38949,0.5,0.425325
-1.11352,-1.80902,1.27598
-1.11352,1.80902,1.27598
1.11352,-1.80902,-1.27598
1.11352,1.80902,-1.27598
-2.38949,-0.5,-0.425325
-2.38949,0.5,-0.425325
-1.63925,-1.80902,0.425325
-1.63925,1.80902,0.425325
1.63925,-1.80902,-0.425325
1.63925,1.80902,-0.425325
1.96417,-0.809017,1.27598
1.96417,0.809017,1.27598
0.850651,0.,2.32744
-2.22703,-1.,0.425325
-2.22703,1.,0.425325
-0.850651,0.,-2.32744
-0.525731,-1.61803,-1.80171
-0.525731,1.61803,-1.80171
0.525731,-1.61803,1.80171
0.525731,1.61803,1.80171
vertices per face
      32
5,53,11,24,23,9
5,51,39,40,52,30
5,60,28,16,12,2
5,20,42,48,55,18
5,19,17,54,47,41
5,1,10,15,27,59
5,36,26,44,50,38
5,4,58,22,32,8
5,34,29,33,45,46
5,21,57,3,6,31
5,37,49,43,25,35
5,13,5,56,7,14
6,9,59,27,51,30,53
6,53,30,52,28,60,11
6,11,60,2,42,20,24
6,24,20,18,17,19,23
6,23,19,41,1,59,9
6,13,25,43,3,57,5
6,5,57,21,33,29,56
6,56,29,34,22,58,7
6,7,58,4,44,26,14
6,14,26,36,35,25,13
6,40,38,50,16,28,52
6,16,50,44,4,8,12
6,12,8,32,48,42,2
6,48,32,22,34,46,55
6,55,46,45,54,17,18
6,54,45,33,21,31,47
6,47,31,6,10,1,41
6,10,6,3,43,49,15
6,15,49,37,39,51,27
6,39,37,35,36,38,40