truncated_dodecahedron
vertex coordinates
      66
     0.168381,     0.518225,     0.838505
    -0.440828,     0.320280,     0.838505
    -0.168381,     0.518225,     0.838505
    -0.440828,     0.606748,     0.661458
     0.168381,    -0.518225,     0.838505
     0.492861,     0.160140,     0.838505
     0.544894,      0.00000,     0.838505
    -0.440828,    -0.320280,     0.838505
     0.440828,     0.606748,     0.661458
     0.544894,     0.749982,     0.374991
    -0.168381,     0.981739,   -0.0885233
     0.168381,     0.981739,   -0.0885233
    -0.544894,      0.00000,     0.838505
    -0.713275,     0.695271,    0.0885233
    -0.544894,     0.749982,     0.374991
    -0.881657,    -0.286468,     0.374991
    -0.168381,    -0.518225,     0.838505
    -0.713275,    -0.231757,     0.661458
    -0.881657,    -0.463514,    0.0885233
    -0.713275,    -0.695271,   -0.0885233
      0.00000,    -0.927028,     0.374991
    -0.168381,    -0.981739,    0.0885233
     0.440828,    -0.320280,     0.838505
    0.0841907,    -0.634103,     0.749982
      0.00000,    -0.749982,     0.661458
     0.713275,    -0.695271,   -0.0885233
     0.440828,    -0.893216,   -0.0885233
     0.881657,    -0.286468,     0.374991
     0.881657,    -0.463514,    0.0885233
     0.440828,     0.320280,     0.838505
     0.713275,    -0.231757,     0.661458
     0.985722,     0.143234,   -0.0885233
     0.713275,     0.695271,    0.0885233
     0.168381,    -0.518225,    -0.838505
     0.440828,    -0.320280,    -0.838505
    -0.304605,     0.419253,    -0.838505
    -0.544894,      0.00000,    -0.838505
    -0.304605,    -0.419253,    -0.838505
    -0.168381,    -0.518225,    -0.838505
    -0.544894,    -0.749982,    -0.374991
    -0.440828,    -0.893216,   -0.0885233
     0.168381,    -0.981739,    0.0885233
     0.304605,    -0.937477,      0.00000
     0.544894,    -0.749982,    -0.374991
     0.440828,    -0.606748,    -0.661458
     0.985722,    -0.143234,    0.0885233
     0.713275,     0.231757,    -0.661458
     0.544894,      0.00000,    -0.838505
     0.440828,     0.320280,    -0.838505
     0.881657,     0.286468,    -0.374991
     0.881657,     0.374991,    -0.231757
     0.881657,     0.463514,   -0.0885233
     0.440828,     0.893216,    0.0885233
      0.00000,     0.749982,    -0.661458
     0.168381,     0.518225,    -0.838505
    -0.168381,     0.518225,    -0.838505
      0.00000,     0.927028,    -0.374991
    -0.440828,     0.893216,    0.0885233
    -0.881657,     0.463514,   -0.0885233
    -0.881657,     0.286468,    -0.374991
    -0.713275,     0.231757,    -0.661458
    -0.440828,     0.320280,    -0.838505
    -0.985722,     0.143234,   -0.0885233
    -0.985722,    -0.143234,    0.0885233
    -0.440828,    -0.606748,    -0.661458
    -0.440828,    -0.320280,    -0.838505
vertices per face
      32
 3,  4,  2,  3
 3, 58, 14, 15
 3,  5, 17, 25
 3, 13, 18,  8
 3, 40, 41, 20
 3, 22, 42, 21
 3,  1, 30,  9
 3,  7, 23, 31
 3, 33, 53, 10
 3, 44, 26, 27
 3, 35, 45, 34
 3, 28, 29, 46
 3, 49, 47, 48
 3, 57, 11, 12
 3, 55, 56, 54
 3, 60, 63, 59
 3, 37, 61, 62
 3, 16, 64, 19
 3, 39, 65, 66
 3, 52, 32, 50
10, 18, 16, 19, 20, 41, 22, 21, 25, 17,  8
10, 53, 12, 11, 58, 15,  4,  3,  1,  9, 10
10, 63, 64, 16, 18, 13,  2,  4, 15, 14, 59
10, 10,  9, 30,  7, 31, 28, 46, 32, 52, 33
10, 66, 37, 62, 56, 55, 49, 48, 35, 34, 39
10, 47, 50, 32, 46, 29, 26, 44, 45, 35, 48
10, 53, 33, 52, 50, 47, 49, 55, 54, 57, 12
10, 19, 64, 63, 60, 61, 37, 66, 65, 40, 20
10,  7, 30,  1,  3,  2, 13,  8, 17,  5, 23
10, 42, 27, 26, 29, 28, 31, 23,  5, 25, 21
10, 22, 41, 40, 65, 39, 34, 45, 44, 27, 42
10, 61, 60, 59, 14, 58, 11, 57, 54, 56, 62
