truncated_octahedron
vertex coordinates
      24
-1.5,-0.5,0.
-1.5,0.5,0.
-1.,-1.,-0.707107
-1.,-1.,0.707107
-1.,1.,-0.707107
-1.,1.,0.707107
-0.5,-1.5,0.
-0.5,-0.5,-1.41421
-0.5,-0.5,1.41421
-0.5,0.5,-1.41421
-0.5,0.5,1.41421
-0.5,1.5,0.
0.5,-1.5,0.
0.5,-0.5,-1.41421
0.5,-0.5,1.41421
0.5,0.5,-1.41421
0.5,0.5,1.41421
0.5,1.5,0.
1.,-1.,-0.707107
1.,-1.,0.707107
1.,1.,-0.707107
1.,1.,0.707107
1.5,-0.5,0.
1.5,0.5,0.
vertices per face
      14
4,17,11,9,15
4,14,8,10,16
4,22,24,21,18
4,12,5,2,6
4,13,19,23,20
4,4,1,3,7
6,19,13,7,3,8,14
6,15,9,4,7,13,20
6,16,10,5,12,18,21
6,22,18,12,6,11,17
6,20,23,24,22,17,15
6,14,16,21,24,23,19
6,9,11,6,2,1,4
6,3,1,2,5,10,8