truncated_cube
vertex coordinates
      27
     0.678598,     0.281085,     0.678598
    -0.281085,     0.678598,     0.678598
    -0.678598,     0.678598,     0.281085
     0.678598,    -0.281085,     0.678598
     0.281085,    -0.678598,     0.678598
     0.678598,     0.678598,     0.281085
     0.281085,     0.678598,     0.678598
    -0.281085,     0.678598,    -0.678598
    -0.678598,     0.281085,    -0.678598
    -0.678598,     0.281085,     0.678598
    -0.678598,    -0.281085,    -0.678598
    -0.281085,    -0.678598,    -0.678598
    -0.678598,     0.678598,    -0.281085
     0.678598,     0.678598,    -0.281085
    -0.281085,    -0.678598,     0.678598
    -0.678598,    -0.281085,     0.678598
    -0.678598,    -0.678598,    -0.281085
    -0.678598,    -0.678598,     0.281085
     0.678598,    -0.678598,     0.281085
     0.678598,    -0.678598,      0.00000
     0.281085,    -0.678598,    -0.678598
     0.678598,     0.281085,    -0.678598
     0.281085,     0.678598,    -0.678598
      0.00000,     0.678598,    -0.678598
     0.678598,    -0.479842,    -0.479842
     0.678598,    -0.281085,    -0.678598
     0.678598,    -0.678598,    -0.281085
vertices per face
      14
 8, 10, 16, 15,  5,  4,  1,  7,  2
 3,  3, 10,  2
 3,  7,  1,  6
 8,  3, 13,  9, 11, 17, 18, 16, 10
 8, 13,  3,  2,  7,  6, 14, 23,  8
 8, 11,  9,  8, 23, 22, 26, 21, 12
 3, 13,  8,  9
 3, 12, 17, 11
 3, 16, 18, 15
 8,  6,  1,  4, 19, 27, 26, 22, 14
 8,  5, 15, 18, 17, 12, 21, 27, 19
 3,  4,  5, 19
 3, 14, 22, 23
 3, 27, 21, 26
