truncated_tetrahedron
vertex coordinates
      12
     0.250000,    -0.750000,     0.250000
    -0.750000,     0.250000,     0.250000
    -0.250000,    -0.750000,    -0.250000
    -0.750000,    -0.250000,    -0.250000
     0.250000,     0.750000,    -0.250000
     0.250000,     0.250000,    -0.750000
    -0.250000,    -0.250000,    -0.750000
    -0.250000,     0.250000,     0.750000
     0.250000,    -0.250000,     0.750000
    -0.250000,     0.750000,     0.250000
     0.750000,    -0.250000,     0.250000
     0.750000,     0.250000,    -0.250000
vertices per face
       8
 3, 11,  9,  1
 3,  8, 10,  2
 3,  4,  7,  3
 3,  5, 12,  6
 6, 12, 11,  1,  3,  7,  6
 6,  9,  8,  2,  4,  3,  1
 6, 10,  5,  6,  7,  4,  2
 6,  8,  9, 11, 12,  5, 10
